2.4093670965727895e-17 4.1963551513552724e-13 1.1517115852468585e-14 1.1245760017030077e-19 4.608960455379625e-12 0.06057738237667729 0.31994185242608597 2.3290844217333576e-16 0.6194807651921961 6.450365961538745e-16 
1.0242418920588136e-08 7.936730270631943e-15 0.9999999743003146 3.530132879397912e-14 3.675316470311203e-14 1.3297220638447468e-15 2.246115472365914e-16 1.5456067203371804e-08 1.1174008502067598e-12 4.935790661320033e-16 
7.093900217049199e-14 3.8139628542463834e-12 1.1221125290468253e-17 9.68279850328977e-13 1.2126416796034088e-07 4.573447565252269e-19 7.154619671506934e-22 7.559441949336757e-12 0.9999998787234157 3.763958022484807e-15 
1.515576651153705e-21 1.1608196459550464e-20 2.8996659986556943e-11 4.760098693190164e-23 6.960441970698363e-15 0.022265189120452195 1.7416426476336485e-13 5.142531895795309e-21 0.9777348108503692 9.42727078354422e-16 
2.1020842787328514e-25 1.6641235611154798e-15 2.7292574480040428e-21 1.3965784546147133e-21 2.9177896956303078e-18 0.9999999999999981 4.81056554224958e-26 2.8514110657247485e-21 8.946259205946108e-18 3.925872326489287e-21 
0.9999999990383791 7.981546901575046e-14 1.0293579260961681e-22 5.825542607730346e-16 1.0914333075823917e-20 3.081983880685949e-15 7.300839058210523e-19 9.615369675961893e-10 1.3388199398232265e-20 4.641342246302012e-16 
5.25068813771123e-15 5.9287930173928645e-12 0.8712155937116437 8.729445335526272e-09 1.3679570015595739e-08 1.7689489149062824e-18 1.6797155250140407e-13 2.61505068537257e-08 0.1287843261318819 3.159085031171306e-08 
0.9999634878189063 9.425076533509578e-20 4.312874198983972e-22 8.155766277783305e-19 2.745191730414808e-21 2.257541400216659e-28 3.65121810918908e-05 6.446286103843896e-22 1.709448775035491e-15 1.2815864894545893e-23 
1.4191817315673162e-11 2.7713595305879655e-15 2.675894375045231e-14 0.9999999999744542 2.303341025021641e-19 6.211847877291968e-14 1.4574156565571251e-12 9.579885415966676e-12 5.45945692251435e-20 2.251933663161849e-13 
4.785112030230477e-23 3.1853000885813704e-19 8.017798948852056e-15 1.9524359039695e-20 1.5676293046109395e-12 0.0058278902257184245 1.3635894070314869e-15 7.167940907564338e-18 0.9941721097726708 3.406332205213773e-14 
2.705169312131057e-11 4.38145213440703e-17 1.2331535785334942e-10 4.493808494833544e-08 0.07701962224240495 1.0918489531882197e-11 7.061979321411728e-05 1.3219038847957437e-09 3.8756989325942234e-13 0.9229097115427188 
5.4572971886130135e-25 7.095962010618858e-13 1.676475642246e-11 1.5151126180687545e-15 3.249862805316161e-19 8.479390432080575e-20 9.963324720086756e-15 0.9999999999825094 4.376305678548162e-15 3.3316370326229917e-16 
1.1904832629026412e-14 4.8363431576301826e-14 1.3546426892952867e-15 1.1244041995049025e-17 3.388932221413169e-09 0.4380973480655589 5.301821052002852e-05 7.384306666180916e-11 0.5618496302610844 1.0452781373983147e-20 
3.6361228189751764e-13 0.9999999979235856 7.422309679671755e-17 2.321165407080729e-16 4.0622136842761016e-20 1.590101876557522e-12 2.0714360730760027e-09 6.267506104783072e-13 9.077793787648772e-17 2.3976769271992024e-12 
4.799781278668775e-15 0.9999999994964979 3.143609453996433e-18 2.4787843352984663e-19 1.2157708842661794e-17 2.1483837388230284e-18 5.034973168087627e-10 1.449851625964618e-16 1.0017257870212465e-21 2.1199619189052565e-23 
7.5806473720012275e-22 2.852730708572424e-12 4.8052162911408773e-20 4.5520162465652394e-14 6.428145858759475e-19 6.751236208147924e-16 0.9999999998800391 4.259891749621419e-15 1.1705759800193036e-10 3.2162904758198327e-17 
1.2807787416257029e-08 2.7573053643745047e-14 0.9999999083173805 6.172290257063242e-19 7.657964986650811e-08 4.3716765460481256e-14 2.727431378268141e-16 3.523498282298504e-10 5.297523695960238e-11 1.889785679434916e-09 
1.9532480776003224e-20 0.9999999999681993 7.841718912382707e-12 1.7258206632263265e-13 2.1193970423726788e-11 2.957418482766207e-17 1.1500508193074914e-16 2.939668279809173e-13 3.8868538552794174e-15 2.2946839047665236e-12 
1.0429745531665561e-11 1.1624211271818942e-16 5.849714123463205e-16 0.9999999992970021 5.50648720441457e-13 6.909851222521799e-10 1.630111159124204e-13 2.416323959055047e-15 1.8786691103751023e-16 8.661042803127191e-13 
5.776858573847982e-15 8.887624859352547e-12 1.0144412834911138e-17 8.64547253008339e-12 0.2546986642670207 0.04024491369653931 5.3155924407153536e-08 2.929025302765983e-12 0.7050563688600473 2.4584399935039805e-20 
8.51347415345694e-14 2.1085505546205804e-14 1.0847553190977353e-06 0.0060668463516006105 6.689116256800713e-16 2.6676789242656753e-10 1.1447493238018683e-11 0.9939320686125559 1.7658147323064875e-16 2.2019374253026584e-12 
3.2557182209417874e-20 0.9999999999989868 4.901429650047848e-21 5.780599651638117e-19 2.5685173050261834e-20 6.508638650819903e-20 1.3082347655754869e-17 7.025270165077688e-20 1.0132505991873741e-12 5.250045230028169e-22 
3.5546474996579054e-10 9.59781191806307e-12 7.638829738654852e-21 5.305519041112607e-06 1.0225864879570096e-09 5.03624224894772e-13 2.6531015110297646e-12 0.9997227637879057 0.0002719292976304002 4.6168439538052746e-12 
8.086902825701382e-07 7.187180980614303e-13 0.9997326586240924 7.2221462702840374e-06 2.0421192209621695e-14 3.4794583595644923e-09 7.344937172580521e-12 1.7427679065075032e-07 3.627616932780129e-14 0.00025913277498528886 
0.9999978373532101 2.4874492634463224e-13 1.791545442910958e-18 7.14073891614527e-17 5.731936905263259e-15 2.1157440271317704e-06 9.728460712719005e-14 4.640685495767502e-08 4.949496819089585e-10 6.063902527078521e-13 
8.736830625732523e-15 1.3807637650756522e-14 2.1480721320461464e-12 4.531650402109939e-18 2.2215506479772123e-18 4.267901117328918e-18 3.58498985345818e-15 5.362898423922358e-15 1.046972499624076e-19 0.9999999999978204 
7.561199933104266e-28 1.2202436741928314e-20 3.802370012100497e-23 5.34110729078391e-20 3.9770327037261323e-17 1.0 5.700246775977403e-22 2.7918076855149718e-22 3.8828077984830424e-20 1.1081386728787389e-19 
1.635735224031921e-12 1.8974237324383187e-20 8.132896274946887e-14 6.786096273933293e-16 1.2902874573803354e-17 0.9999999998949176 1.0300191335216388e-10 3.2040748922236556e-17 3.7663325930923047e-16 3.624561541532302e-13 
2.0661891014646588e-18 3.456303795734803e-15 1.836556600013997e-12 7.784505808264348e-09 7.7142899947177e-17 9.865751977942651e-22 2.417563509373085e-17 1.198529687403752e-10 3.7190160142825875e-16 0.9999999920938007 
8.027023812282252e-18 6.994257371368267e-17 5.253217709970337e-19 2.40093159008532e-19 3.0040434721236616e-17 0.9999999999987615 2.0141849565648763e-17 1.2383017176559913e-12 1.1974645387141e-27 1.1490201728694406e-16 
0.8127865655747151 2.077682324820291e-07 5.094189336531213e-07 0.18677146828444158 1.1658398235929384e-08 2.4159083335425213e-09 4.086761271383409e-10 1.528649304987568e-07 0.00044108145547432683 1.5028949818170277e-10 
1.2824560713980704e-16 4.622408034397811e-16 7.199407269587975e-16 0.9999999999975899 9.823756338153089e-15 3.232163011343758e-18 4.218005495116369e-17 2.128887324747053e-12 2.6991132124278164e-13 1.2985055706055022e-22 
7.348314038167899e-17 4.6870133219222e-13 1.0688604780042207e-20 1.1545324718695534e-19 8.329832156281778e-16 6.26941257621755e-17 1.431343236160347e-19 4.6226525228574147e-17 1.2927610966390102e-14 0.9999999999995172 
1.031984933833585e-11 1.2809542906405551e-08 0.999999986987053 1.9305459267639152e-10 2.986566244125348e-16 3.4330499602450128e-15 1.3864638517971401e-14 1.1787930369403069e-14 2.0669636856652533e-19 1.3996064173465337e-17 
4.661483276214186e-14 3.0592321559512474e-15 8.667471353711788e-18 2.7887022928096067e-16 3.7098128553676046e-14 6.717487989192231e-19 0.9999999742740256 1.8719160806152544e-10 6.066005028223084e-16 2.55386952218344e-08 
9.112964787990666e-13 2.681554828464921e-12 3.0891042983667114e-13 2.93652730301879e-07 2.310258287841864e-11 0.9999625567263976 5.190530369853077e-10 3.714893357922146e-05 1.412231110946474e-10 1.2349797400935312e-14 
8.487598536419597e-06 3.249955057959264e-17 1.9079490067641239e-19 1.5933558682032706e-19 1.66675494688422e-16 3.2258658407779255e-09 4.635664976572914e-11 7.099430805789172e-14 1.325608904357447e-21 0.9999915091291698 
2.819492186988884e-16 3.393632215600895e-10 8.02806317498098e-16 3.506764036902704e-08 9.599591904105785e-16 1.9309800738611476e-09 3.367993053147851e-18 8.677943024040096e-13 0.9999999626611467 4.0694660634553427e-19 
1.0243626444711182e-21 2.5000482764467065e-21 4.462013081813917e-33 8.266136874936876e-20 1.331625826517487e-22 6.8220923333629e-12 8.629185708435382e-27 0.999999870238547 1.0909106011819241e-07 2.0663570877268094e-08 
1.6672662838896108e-11 1.3337219814220657e-14 1.9104727863031222e-21 0.9999999997353266 9.005220352984532e-15 2.0168758234959257e-21 2.4320398248687257e-14 7.662732676935259e-17 2.1738779131513837e-13 2.4773631779376616e-10 
2.625173119150198e-10 5.8382524570258486e-15 0.026921913555660294 8.124085835816455e-08 3.4835983049771533e-09 1.2650278374668028e-07 4.975660658680042e-09 2.247207083168038e-06 0.6950175069768824 0.27805811579494977 
4.0197550122549127e-16 4.841820717271651e-15 8.18956763687482e-16 5.841845614133741e-12 1.4683739053407152e-09 3.813445651578397e-14 0.9999999949714415 2.6481732727367426e-09 4.52078961055788e-15 9.061206662868381e-10 
6.247761383113475e-12 3.3876305320451204e-13 1.3014878228261167e-21 9.21498127284407e-12 0.9999496357324978 2.3620466463532887e-18 2.298617793513926e-18 1.2064966537063053e-07 5.024360203488056e-05 1.9046135894081692e-16 
0.9607688752758088 4.257682066710227e-08 3.68835116358775e-20 0.039163150233281575 1.7685113484492923e-14 1.6728802861925952e-15 4.6293979437419854e-21 6.77391480028714e-05 1.9276606553052868e-07 1.1644935635182864e-15 
3.064269604499628e-20 4.754639770000764e-10 1.362857577105549e-06 2.0146575519488824e-09 1.8999005149201894e-13 2.4257021268809978e-15 3.594691918978204e-13 0.9999986346506436 1.5381558503600386e-15 1.1043073237916816e-12 
5.265667035028268e-18 1.189437455564738e-10 1.6421947242871874e-12 0.9999999987155925 2.9635343781023717e-15 3.248025048319192e-12 1.1495433459266444e-09 2.472531045256565e-12 8.467060942936447e-12 8.726868373110236e-14 
1.9589573247176123e-21 8.135143907033343e-12 1.4466799206853706e-24 1.9243744198356787e-21 7.630615737080046e-23 1.7146020232459109e-19 4.331365190150877e-18 2.1139999626062622e-14 3.9812481395043003e-22 0.9999999999918437 
7.995155438480583e-10 4.960942661648532e-06 0.835442769155818 1.2033781227523409e-12 4.6811191960325847e-11 3.078845059759729e-09 2.3418012604508775e-10 1.4686479762163108e-14 0.16455226571582135 2.5129033318206894e-11 
0.9999972242617579 6.041898822082436e-14 9.279410593311437e-10 1.7712572514065506e-19 7.757733740854137e-10 6.415765962615248e-21 2.7740343672542656e-06 9.963556238394932e-20 7.352478756656768e-15 9.259043063125665e-14 
0.999999999977767 9.688118305545273e-13 2.0880999599332984e-15 4.485636749682188e-15 8.260934552042884e-18 4.605278122225213e-12 1.6640272300347706e-11 1.0714196039312132e-14 2.114964653515177e-18 1.482129521413499e-15 
2.975236657795676e-18 1.0634390274638587e-22 1.8860721753217755e-19 0.9999999996103208 3.89087821718478e-10 1.37009188505227e-21 5.912882953666815e-13 7.902574680167055e-17 1.301746788429942e-24 5.105913039991422e-31 
6.484154769834257e-14 3.0760306578232846e-21 0.9999999999999256 4.07834099397821e-17 6.052181644836385e-21 9.353044656333207e-15 4.053687594845265e-17 2.0306575521951698e-16 7.905852006638197e-25 8.799018669348235e-19 
2.1324108506849826e-12 1.0031624065270113e-10 2.356611852133574e-09 0.12138880297616801 0.8776054000350576 1.389813435495264e-10 2.2347181502189574e-12 6.036875011958528e-10 4.018366628506783e-06 0.001001775418182043 
2.8252178766766207e-09 7.458393334190716e-15 4.5239978542494914e-07 2.386502837926599e-09 3.296207221511943e-15 1.731789172768411e-14 8.76968866637029e-17 1.1328621377331648e-13 1.4616067269471024e-16 0.9999995423883525 
9.662581162012598e-06 7.343212006701627e-07 8.526720213614152e-07 2.4045555535492246e-05 2.896422698065229e-11 4.65586110325661e-09 1.8266161236345866e-11 0.000943463151351135 0.9990212362363561 7.792815993585522e-10 
1.4464670041398e-09 5.270461425521357e-11 6.161280030074804e-21 5.02162247576706e-08 4.6716948645835926e-15 4.694602928862438e-16 9.36186644122812e-14 0.019953325373054106 0.9800466139131107 8.998340279819435e-09 
0.999999999999958 1.5009088030254766e-16 4.764446158375211e-17 4.0223809356137024e-14 1.671245539276499e-18 4.0091159909555645e-19 1.5144813693030693e-15 6.646595924348366e-17 1.2733887071560956e-17 1.277379591696435e-20 
1.8509341745694458e-08 9.469615324764909e-15 0.999999981260999 7.520977154012232e-11 1.6651410626300842e-14 3.800065913115169e-14 1.5161905035655054e-10 1.678742255657331e-17 2.7660422160306874e-12 3.678480041811998e-23 
1.9004600324993962e-14 1.1219013529749703e-06 1.1267808505934571e-21 7.391252511334406e-12 1.154144842480413e-12 1.9372313563777966e-12 3.0028151425396476e-15 0.002330576446589937 0.006145181134256312 0.9915231205072962 
5.390330107537557e-14 7.855265458580791e-11 3.382051059714855e-13 1.3672680897473205e-07 4.235295375287105e-09 2.393807193951345e-16 7.806273674063847e-11 0.9999998588716744 1.3402560235161294e-12 7.8732318934561e-12 
0.9999999990652954 9.34656689491417e-10 2.865644608704053e-18 1.858793880405321e-17 1.128465851047834e-21 3.2165082931377234e-20 2.237909105145737e-23 5.104874822331492e-15 8.011974130458739e-17 4.2990983657159266e-14 
6.29556974654314e-11 0.9999999999330503 3.175837794098839e-12 1.985247110069715e-13 2.6971037174354806e-17 5.092729807222154e-13 8.072056012784609e-19 8.264926921778311e-17 1.137441979351182e-16 1.1013937016560172e-13 
1.4951928034369144e-17 2.662593529836689e-13 8.730683949418662e-12 2.0227920199931547e-10 2.880958658813302e-14 1.3206172492168765e-15 4.467703696418443e-16 0.9999999997882647 4.2805326407636037e-13 5.291628348276591e-16 
7.684254767659348e-15 6.870876208989749e-22 1.3006626062683856e-20 1.3698123252289874e-15 1.1291882859978065e-15 7.400680600331438e-15 3.5512696404247456e-09 1.1843009461630207e-16 7.527544840705393e-21 0.999999996448713 
9.823763829989573e-11 3.982133620993644e-16 1.9161084593815287e-16 0.9999999983565929 7.330155548970163e-15 8.706334974177058e-18 1.0013191614329541e-09 5.438399871879293e-10 3.4569373594493787e-17 2.0852678464806056e-15 
6.389103575715968e-10 1.1095108891326489e-11 1.2479927660782135e-16 1.6347908926982465e-20 5.73584914696418e-16 6.5913198749822956e-15 2.4669369250382135e-28 0.9999999993476624 2.325240872375307e-12 4.41858227826979e-22 
2.269935768742444e-21 8.790233274325138e-16 0.9999999979492586 2.814015547006901e-11 1.2021896273716538e-16 1.999137699052493e-09 2.325203929628916e-11 1.6151427061120553e-13 2.4681751074770726e-21 4.8944131282398767e-14 
5.395178659304473e-10 2.054518302854431e-22 5.4398398321532146e-17 1.3376015688102942e-13 1.0772997493392223e-19 4.47978813083058e-16 0.9999999994603449 2.3208548875714323e-15 6.635506249330344e-16 1.247043934206862e-18 
1.3063192446426188e-19 0.9999995998049508 2.797739710952684e-20 6.574584498664e-17 3.9225464804337515e-20 1.2433981274811943e-09 1.1964794472541846e-17 1.3250050791188571e-14 3.9895163757748733e-07 1.4243044763889782e-18 
1.9342044648432938e-12 1.4315687165544672e-14 1.685007755351051e-16 8.054922250997723e-14 4.4297724378295146e-16 3.847884900973211e-09 0.9999999961500853 2.9610867060831396e-17 1.3903184938159724e-20 1.3701731034800315e-16 
3.156381085343136e-14 2.0887276212395537e-20 1.2793348294400353e-15 1.248519994212206e-17 0.9999999999997904 1.0037671224285703e-20 3.110779844765362e-14 1.456770609919345e-13 5.894215254186307e-18 2.0812367313098467e-19 
0.9999999999385709 6.20731886944875e-20 5.732852735240558e-11 3.807962165871725e-12 4.197671658646214e-14 2.5068635264437745e-13 1.1225939990796857e-19 1.6799558395923271e-18 2.8077651901735756e-23 6.396251390979685e-18 
3.1757256871134424e-15 0.9963555136602797 4.3438551042135446e-17 2.8248565736186246e-11 3.894706606287175e-18 8.56591579395117e-18 5.961422702832867e-10 0.003634126070250832 1.0359489752598294e-05 1.553227394937734e-10 
1.820414626878123e-11 5.560552943218334e-16 1.6826842252343177e-13 1.6224439488426148e-13 3.239165362813568e-17 4.869516833883554e-15 0.99999999998146 2.15423351043047e-18 6.1291642355528135e-18 3.644780384651212e-22 
8.817639565832504e-23 3.358434487486245e-17 2.8271008448460318e-18 2.236184026569661e-12 4.29766613350193e-12 4.218881615777978e-18 0.9999999970710605 3.751406828474267e-12 3.431514523928876e-17 2.9186541543861406e-09 
0.00010418921442902104 5.383643464152843e-13 1.7699346925381088e-15 5.658185594649522e-16 1.4736404195043547e-15 1.176852848475973e-12 3.0225075698556896e-16 0.9998958107263818 2.3701448593045764e-21 5.746978516343209e-11 
0.999998803628069 1.894409833626395e-17 3.479121031882033e-13 2.3642423395013823e-09 1.7485063554666602e-16 9.234609530547533e-16 1.659524572966939e-07 1.0280011360882365e-06 3.877223538458691e-14 5.370720217900944e-11 
4.383553680885825e-11 4.661892735107849e-14 0.9999999999553923 1.887096413843075e-21 6.768078554414591e-14 8.106715980920584e-20 4.058053421148671e-18 6.578354256231543e-13 8.558045534651807e-28 1.682059942706566e-28 
0.91732974281562 4.429266480362462e-11 0.00212442416799657 3.7057456091378247e-06 4.5363169449097725e-12 0.011707431542659472 6.62636111495485e-13 0.05776564775051184 2.7133380152101103e-10 0.01106904765677794 
2.7467797580048853e-10 0.9999999984677481 2.886909265215081e-14 3.975120557228877e-14 4.0940416183041045e-12 4.636495238127697e-16 1.2459997695044912e-09 3.2970816736184916e-14 7.246814831929659e-12 1.3107288353136008e-13 
9.194098820525658e-08 8.998914105353985e-13 4.243906899239078e-11 2.038865168090424e-10 2.4537126402303015e-11 1.92453173894209e-11 1.075035426316452e-12 0.9999998556924274 5.6640443869465205e-14 5.207444472023205e-08 
0.9999999778621074 5.342170018203292e-21 7.8624182496598905e-16 9.753970779041274e-20 2.0495840416739172e-20 4.5299587438971873e-23 3.3648585476768345e-21 2.0960384171593986e-13 4.897375722239185e-21 2.213768232657544e-08 
1.805457214178272e-19 5.051189588518434e-12 4.916682042153227e-09 1.0795029004874645e-09 0.9994576323965073 3.0481072881592237e-19 2.1512640845717808e-09 2.042846109735205e-12 2.7379498096958773e-13 0.0005423594486760184 
1.244614692853411e-22 3.463853850971221e-15 1.454794159637451e-24 8.632037457557872e-17 1.3552182144929175e-20 2.730390642877058e-19 3.3483195220926354e-18 1.341932536388999e-13 1.5313275588384737e-14 0.9999999999998471 
4.265044471889056e-15 9.093600177883236e-16 1.0483412955929457e-15 1.8266053648223812e-10 4.004148115692745e-09 4.41142729541357e-11 6.4939343181796e-13 1.2751464215690682e-08 0.9999999829583596 5.859760484902258e-11 
1.7692982046392684e-19 2.6619705564374815e-19 6.883488601952197e-20 2.3266743873314557e-18 6.876495151225868e-23 6.627573401762614e-22 4.3507463385652506e-16 1.0252177222247592e-21 0.9999999999999997 3.449739291432935e-17 
1.5542375599311046e-17 1.2493814978407775e-17 0.9999999999999724 2.9700173669502617e-18 4.876978021689536e-15 4.72811421464538e-24 2.284564836825578e-14 3.9966150537409984e-19 3.434647242243674e-21 1.0829278302087418e-17 
9.734284447389194e-19 3.745152985699937e-17 5.035733299380316e-18 5.566783870258684e-17 0.9999999999998913 9.830136903640065e-14 9.147942639804008e-21 1.0151374939405306e-14 3.8761294959813545e-20 9.237453088035824e-20 
0.03523056940369597 3.695186510615198e-14 2.681728730651229e-12 4.1681168870116064e-13 0.9361324435048746 2.1519751926058535e-10 0.028626481301994865 7.069547722572193e-10 2.8949823679387454e-18 1.0504864146972366e-05 
1.5739143490159817e-18 6.801026222966069e-14 5.462649160598938e-13 0.9999999999993857 6.409169115567069e-21 2.3849643180400203e-19 1.0168324995920807e-17 4.5341069574518514e-17 8.926272064308025e-19 7.101979791542141e-19 
1.2686359285212493e-18 0.9999999956454401 4.995282997744265e-11 1.8154576367686246e-11 3.0840507263704515e-09 8.100197302889607e-13 1.1996464822442762e-09 7.639897818347773e-13 1.1812012500927393e-12 9.872193266984188e-17 
2.8155448791416833e-16 2.7721066624538288e-08 8.190503436650014e-12 2.801042396104371e-09 1.5609508803994957e-13 4.6351959502053234e-18 0.04338478461042034 8.174072185320767e-16 0.9566151848582272 8.962977889277785e-13 
1.3118876824217204e-16 3.298435030478351e-17 5.288688596439437e-20 2.959901096470258e-14 4.883606198783396e-21 3.4628086507977393e-12 4.1107165359926976e-19 0.9999999999962913 6.330502292834556e-15 2.0971146163407285e-13 
2.2734399540299367e-17 1.0745756650161725e-17 3.125251395127394e-13 1.7470656672438176e-17 0.9999999999232572 3.75828949319959e-18 6.188308911507868e-13 9.247998912886262e-19 7.58114064278432e-11 4.582795339536731e-25 
2.575347193323578e-15 3.4457778000004307e-18 1.6613876073968896e-12 1.5025392754139546e-24 0.9999999999983177 1.6721138079182306e-22 5.158522829073981e-19 2.1337366612311636e-20 1.0392036862048334e-22 1.8161429593821543e-14 
4.251164894144692e-16 3.5647438461992445e-16 2.970938478779771e-11 0.9999999899502203 1.1726524371624215e-11 9.88058124663523e-16 3.415380119293711e-13 5.6056522373726096e-14 1.8119610077000164e-18 1.000794451398016e-08 
2.049892971970628e-14 3.4156820411001147e-08 2.0235989758928337e-20 0.9999305095061354 7.286389322752814e-10 3.1088466639433463e-15 5.94764033619185e-15 1.9173307067039323e-07 6.926387019329816e-05 5.111578754561768e-12 
1.2902336916346622e-11 1.3000837353849228e-16 2.6047603465344275e-17 1.781816881112136e-16 1.678420899494894e-18 0.9999999999825561 1.2653931475927883e-20 4.541421320999778e-12 4.923955226315664e-20 1.1950508836565824e-17 
2.6277514829204735e-16 8.131033251914733e-19 6.694515793798695e-20 2.8459561256220227e-19 3.573442541907288e-23 0.9999999999998439 1.5324253524569e-13 3.439475623355305e-20 2.0606695132952854e-16 2.487753684765833e-15 
7.161337975263575e-16 1.0370891410739034e-16 1.619156822116563e-10 4.074560855902979e-08 0.999999924983952 5.8005743873842466e-11 3.403347814689663e-08 1.263982510244146e-11 2.3644255030729114e-13 4.162832226888962e-12 
